90289408557
90275950840
90132860375
90293661515
90272518000
90583424925
90612356147
90494331145
90392566946
90395017493
90454902119
90582907255
90933701563
90770959889
90855245322
90984140770
90942587117
90854536535
90345868786
90134807188
90113569516
90923400672
90710274260
90615103102
90159533317
90918127749
90093798507
90477210455
90941982202
90204220935
90548859803
90746170991
90384474665
90416452816
90359725656
90651062837
90528884290
90310303768
90498755808
90484337563
90310556283
90803350839
90400429856
90262492682
90303104658
90253617928
90317195659
90432247707
90776864492
90938686532
90456675049
90041509694
90786934287
90455540100
90432003645
90039718759
90552979130
90352082484
90727875942
90678998069
90876771405
90526857996
90842642920
90703694822
90328410661
90101764751
90703992526
90223608032
90303265208
90485114248
90863134614
90507715886
90762943311
90234127741
90764424392
90245563399
90995264975
90543797648
90860003288
90730518275
90055220091
90549051664
90349492535
90453937594
90665438555
90167498197
90460678976
90018231503
90082415757
90378504683
90081017946
90321202669
90362886947
90819242542
90118847557
90010810356
90656059348
90547476037
90774521546
90064914760111